#
#
#
#
0.000000e+00	1.591549e-02	1.767094e-01	-0.000000e+00
3.003003e-03	1.590416e-02	1.765836e-01	-6.666872e-03
6.006006e-03	1.587019e-02	1.762063e-01	-1.332425e-02
9.009009e-03	1.581361e-02	1.755782e-01	-1.996266e-02
1.201201e-02	1.573452e-02	1.747000e-01	-2.657264e-02
1.501502e-02	1.563302e-02	1.735731e-01	-3.314478e-02
1.801802e-02	1.550927e-02	1.721990e-01	-3.966973e-02
2.102102e-02	1.536343e-02	1.705798e-01	-4.613820e-02
2.402402e-02	1.519571e-02	1.687177e-01	-5.254097e-02
2.702703e-02	1.500636e-02	1.666153e-01	-5.886892e-02
3.003003e-02	1.479564e-02	1.642757e-01	-6.511305e-02
3.303303e-02	1.456385e-02	1.617021e-01	-7.126447e-02
3.603604e-02	1.431133e-02	1.588983e-01	-7.731441e-02
3.903904e-02	1.403842e-02	1.558683e-01	-8.325427e-02
4.204204e-02	1.374553e-02	1.526163e-01	-8.907558e-02
4.504505e-02	1.343307e-02	1.491470e-01	-9.477005e-02
4.804805e-02	1.310147e-02	1.454654e-01	-1.003296e-01
5.105105e-02	1.275123e-02	1.415766e-01	-1.057463e-01
5.405405e-02	1.238282e-02	1.374862e-01	-1.110124e-01
5.705706e-02	1.199679e-02	1.332001e-01	-1.161204e-01
6.006006e-02	1.159367e-02	1.287242e-01	-1.210631e-01
6.306306e-02	1.117404e-02	1.240651e-01	-1.258334e-01
6.606607e-02	1.073851e-02	1.192294e-01	-1.304245e-01
6.906907e-02	1.028768e-02	1.142239e-01	-1.348299e-01
7.207207e-02	9.822203e-03	1.090557e-01	-1.390434e-01
7.507508e-02	9.342741e-03	1.037322e-01	-1.430588e-01
7.807808e-02	8.849976e-03	9.826108e-02	-1.468706e-01
8.108108e-02	8.344610e-03	9.265001e-02	-1.504732e-01
8.408408e-02	7.827361e-03	8.690701e-02	-1.538615e-01
8.708709e-02	7.298967e-03	8.104026e-02	-1.570308e-01
9.009009e-02	6.760180e-03	7.505813e-02	-1.599765e-01
9.309309e-02	6.211768e-03	6.896911e-02	-1.626944e-01
9.609610e-02	5.654510e-03	6.278189e-02	-1.651806e-01
9.909910e-02	5.089201e-03	5.650528e-02	-1.674316e-01
1.021021e-01	4.516645e-03	5.014821e-02	-1.694443e-01
1.051051e-01	3.937658e-03	4.371973e-02	-1.712156e-01
1.081081e-01	3.353065e-03	3.722900e-02	-1.727432e-01
1.111111e-01	2.763697e-03	3.068526e-02	-1.740248e-01
1.141141e-01	2.170393e-03	2.409783e-02	-1.750585e-01
1.171171e-01	1.573999e-03	1.747608e-02	-1.758431e-01
1.201201e-01	9.753644e-04	1.082945e-02	-1.763772e-01
1.231231e-01	3.753406e-04	4.167398e-03	-1.766602e-01
1.261261e-01	-2.252177e-04	-2.500587e-03	-1.766917e-01
1.291291e-01	-8.254553e-04	-9.165011e-03	-1.764715e-01
1.321321e-01	-1.424518e-03	-1.581639e-02	-1.760001e-01
1.351351e-01	-2.021551e-03	-2.244524e-02	-1.752781e-01
1.381381e-01	-2.615707e-03	-2.904213e-02	-1.743065e-01
1.411411e-01	-3.206138e-03	-3.559767e-02	-1.730867e-01
1.441441e-01	-3.792003e-03	-4.210252e-02	-1.716204e-01
1.471471e-01	-4.372469e-03	-4.854743e-02	-1.699098e-01
1.501502e-01	-4.946710e-03	-5.492320e-02	-1.679573e-01
1.531532e-01	-5.513906e-03	-6.122077e-02	-1.657655e-01
1.561562e-01	-6.073252e-03	-6.743117e-02	-1.633378e-01
1.591592e-01	-6.623949e-03	-7.354556e-02	-1.606775e-01
1.621622e-01	-7.165215e-03	-7.955522e-02	-1.577884e-01
1.651652e-01	-7.696278e-03	-8.545160e-02	-1.546746e-01
1.681682e-01	-8.216383e-03	-9.122631e-02	-1.513405e-01
1.711712e-01	-8.724788e-03	-9.687112e-02	-1.477910e-01
1.741742e-01	-9.220770e-03	-1.023780e-01	-1.440311e-01
1.771772e-01	-9.703623e-03	-1.077391e-01	-1.400660e-01
1.801802e-01	-1.017266e-02	-1.129468e-01	-1.359015e-01
1.831832e-01	-1.062721e-02	-1.179937e-01	-1.315435e-01
1.861862e-01	-1.106663e-02	-1.228725e-01	-1.269982e-01
1.891892e-01	-1.149029e-02	-1.275764e-01	-1.222721e-01
1.921922e-01	-1.189759e-02	-1.320986e-01	-1.173718e-01
1.951952e-01	-1.228795e-02	-1.364328e-01	-1.123045e-01
1.981982e-01	-1.266081e-02	-1.405727e-01	-1.070772e-01
2.012012e-01	-1.301564e-02	-1.445124e-01	-1.016975e-01
2.042042e-01	-1.335194e-02	-1.482463e-01	-9.617290e-02
2.072072e-01	-1.366923e-02	-1.517692e-01	-9.051141e-02
2.102102e-01	-1.396706e-02	-1.550759e-01	-8.472104e-02
2.132132e-01	-1.424500e-02	-1.581619e-01	-7.881003e-02
2.162162e-01	-1.450265e-02	-1.610226e-01	-7.278681e-02
2.192192e-01	-1.473966e-02	-1.636541e-01	-6.665994e-02
2.222222e-01	-1.495567e-02	-1.660525e-01	-6.043816e-02
2.252252e-01	-1.515039e-02	-1.682145e-01	-5.413032e-02
2.282282e-01	-1.532354e-02	-1.701369e-01	-4.774541e-02
2.312312e-01	-1.547487e-02	-1.718171e-01	-4.129251e-02
2.342342e-01	-1.560417e-02	-1.732527e-01	-3.478081e-02
2.372372e-01	-1.571124e-02	-1.744416e-01	-2.821959e-02
2.402402e-01	-1.579595e-02	-1.753820e-01	-2.161819e-02
2.432432e-01	-1.585816e-02	-1.760728e-01	-1.498600e-02
2.462462e-01	-1.589779e-02	-1.765128e-01	-8.332477e-03
2.492492e-01	-1.591479e-02	-1.767015e-01	-1.667089e-03
2.522523e-01	-1.590912e-02	-1.766386e-01	5.000673e-03
2.552553e-01	-1.588080e-02	-1.763242e-01	1.166131e-02
2.582583e-01	-1.582987e-02	-1.757587e-01	1.830535e-02
2.612613e-01	-1.575640e-02	-1.749429e-01	2.492332e-02
2.642643e-01	-1.566049e-02	-1.738781e-01	3.150581e-02
2.672673e-01	-1.554229e-02	-1.725656e-01	3.804343e-02
2.702703e-01	-1.540195e-02	-1.710075e-01	4.452688e-02
2.732733e-01	-1.523968e-02	-1.692058e-01	5.094693e-02
2.762763e-01	-1.505571e-02	-1.671632e-01	5.729444e-02
2.792793e-01	-1.485031e-02	-1.648826e-01	6.356037e-02
2.822823e-01	-1.462376e-02	-1.623672e-01	6.973579e-02
2.852853e-01	-1.437638e-02	-1.596207e-01	7.581191e-02
2.882883e-01	-1.410854e-02	-1.566468e-01	8.178009e-02
2.912913e-01	-1.382061e-02	-1.534499e-01	8.763182e-02
2.942943e-01	-1.351299e-02	-1.500345e-01	9.335877e-02
2.972973e-01	-1.318614e-02	-1.464054e-01	9.895279e-02
3.003003e-01	-1.284051e-02	-1.425679e-01	1.044059e-01
3.033033e-01	-1.247660e-02	-1.385274e-01	1.097104e-01
3.063063e-01	-1.209492e-02	-1.342896e-01	1.148586e-01
3.093093e-01	-1.169602e-02	-1.298606e-01	1.198433e-01
3.123123e-01	-1.128047e-02	-1.252467e-01	1.246573e-01
3.153153e-01	-1.084885e-02	-1.204545e-01	1.292939e-01
3.183183e-01	-1.040178e-02	-1.154908e-01	1.337463e-01
3.213213e-01	-9.939910e-03	-1.103626e-01	1.380083e-01
3.243243e-01	-9.463881e-03	-1.050773e-01	1.420738e-01
3.273273e-01	-8.974377e-03	-9.964230e-02	1.459370e-01
3.303303e-01	-8.472094e-03	-9.406546e-02	1.495924e-01
3.333333e-01	-7.957747e-03	-8.835468e-02	1.530348e-01
3.363363e-01	-7.432070e-03	-8.251810e-02	1.562593e-01
3.393393e-01	-6.895810e-03	-7.656402e-02	1.592613e-01
3.423423e-01	-6.349731e-03	-7.050091e-02	1.620365e-01
3.453453e-01	-5.794610e-03	-6.433743e-02	1.645810e-01
3.483483e-01	-5.231239e-03	-5.808233e-02	1.668911e-01
3.513514e-01	-4.660419e-03	-5.174453e-02	1.689636e-01
3.543544e-01	-4.082963e-03	-4.533305e-02	1.707955e-01
3.573574e-01	-3.499693e-03	-3.885701e-02	1.723843e-01
3.603604e-01	-2.911440e-03	-3.232566e-02	1.737275e-01
3.633634e-01	-2.319042e-03	-2.574827e-02	1.748234e-01
3.663664e-01	-1.723341e-03	-1.913422e-02	1.756704e-01
3.693694e-01	-1.125187e-03	-1.249292e-02	1.762672e-01
3.723724e-01	-5.254300e-04	-5.833838e-03	1.766130e-01
3.753754e-01	7.507480e-05	8.335537e-04	1.767074e-01
3.783784e-01	6.754727e-04	7.499758e-03	1.765501e-01
3.813814e-01	1.274909e-03	1.415528e-02	1.761415e-01
3.843844e-01	1.872530e-03	2.079065e-02	1.754820e-01
3.873874e-01	2.467484e-03	2.739642e-02	1.745727e-01
3.903904e-01	3.058925e-03	3.396318e-02	1.734148e-01
3.933934e-01	3.646011e-03	4.048157e-02	1.720100e-01
3.963964e-01	4.227904e-03	4.694233e-02	1.703603e-01
3.993994e-01	4.803778e-03	5.333624e-02	1.684679e-01
4.024024e-01	5.372812e-03	5.965421e-02	1.663357e-01
4.054054e-01	5.934195e-03	6.588723e-02	1.639667e-01
4.084084e-01	6.487129e-03	7.202644e-02	1.613642e-01
4.114114e-01	7.030825e-03	7.806309e-02	1.585319e-01
4.144144e-01	7.564511e-03	8.398859e-02	1.554738e-01
4.174174e-01	8.087425e-03	8.979449e-02	1.521944e-01
4.204204e-01	8.598824e-03	9.547254e-02	1.486983e-01
4.234234e-01	9.097978e-03	1.010146e-01	1.449905e-01
4.264264e-01	9.584178e-03	1.064129e-01	1.410762e-01
4.294294e-01	1.005673e-02	1.116597e-01	1.369610e-01
4.324324e-01	1.051496e-02	1.167474e-01	1.326508e-01
4.354354e-01	1.095823e-02	1.216689e-01	1.281518e-01
4.384384e-01	1.138588e-02	1.264172e-01	1.234702e-01
4.414414e-01	1.179733e-02	1.309855e-01	1.186128e-01
4.444444e-01	1.219198e-02	1.353672e-01	1.135866e-01
4.474474e-01	1.256926e-02	1.395562e-01	1.083986e-01
4.504505e-01	1.292865e-02	1.435465e-01	1.030563e-01
4.534535e-01	1.326963e-02	1.473324e-01	9.756719e-02
4.564565e-01	1.359172e-02	1.509085e-01	9.193918e-02
4.594595e-01	1.389445e-02	1.542698e-01	8.618026e-02
4.624625e-01	1.417740e-02	1.574113e-01	8.029863e-02
4.654655e-01	1.444016e-02	1.603288e-01	7.430267e-02
4.684685e-01	1.468236e-02	1.630179e-01	6.820090e-02
4.714715e-01	1.490365e-02	1.654749e-01	6.200202e-02
4.744745e-01	1.510373e-02	1.676963e-01	5.571486e-02
4.774775e-01	1.528229e-02	1.696789e-01	4.934837e-02
4.804805e-01	1.543910e-02	1.714199e-01	4.291160e-02
4.834835e-01	1.557392e-02	1.729169e-01	3.641374e-02
4.864865e-01	1.568656e-02	1.741676e-01	2.986403e-02
4.894895e-01	1.577687e-02	1.751703e-01	2.327179e-02
4.924925e-01	1.584472e-02	1.759236e-01	1.664642e-02
4.954955e-01	1.589000e-02	1.764263e-01	9.997341e-03
4.984985e-01	1.591266e-02	1.766779e-01	3.334029e-03
5.015015e-01	1.591266e-02	1.766779e-01	-3.334029e-03
5.045045e-01	1.589000e-02	1.764263e-01	-9.997341e-03
5.075075e-01	1.584472e-02	1.759236e-01	-1.664642e-02
5.105105e-01	1.577687e-02	1.751703e-01	-2.327179e-02
5.135135e-01	1.568656e-02	1.741676e-01	-2.986403e-02
5.165165e-01	1.557392e-02	1.729169e-01	-3.641374e-02
5.195195e-01	1.543910e-02	1.714199e-01	-4.291160e-02
5.225225e-01	1.528229e-02	1.696789e-01	-4.934837e-02
5.255255e-01	1.510373e-02	1.676963e-01	-5.571486e-02
5.285285e-01	1.490365e-02	1.654749e-01	-6.200202e-02
5.315315e-01	1.468236e-02	1.630179e-01	-6.820090e-02
5.345345e-01	1.444016e-02	1.603288e-01	-7.430267e-02
5.375375e-01	1.417740e-02	1.574113e-01	-8.029863e-02
5.405405e-01	1.389445e-02	1.542698e-01	-8.618026e-02
5.435435e-01	1.359172e-02	1.509085e-01	-9.193918e-02
5.465465e-01	1.326963e-02	1.473324e-01	-9.756719e-02
5.495495e-01	1.292865e-02	1.435465e-01	-1.030563e-01
5.525526e-01	1.256926e-02	1.395562e-01	-1.083986e-01
5.555556e-01	1.219198e-02	1.353672e-01	-1.135866e-01
5.585586e-01	1.179733e-02	1.309855e-01	-1.186128e-01
5.615616e-01	1.138588e-02	1.264172e-01	-1.234702e-01
5.645646e-01	1.095823e-02	1.216689e-01	-1.281518e-01
5.675676e-01	1.051496e-02	1.167474e-01	-1.326508e-01
5.705706e-01	1.005673e-02	1.116597e-01	-1.369610e-01
5.735736e-01	9.584178e-03	1.064129e-01	-1.410762e-01
5.765766e-01	9.097978e-03	1.010146e-01	-1.449905e-01
5.795796e-01	8.598824e-03	9.547254e-02	-1.486983e-01
5.825826e-01	8.087425e-03	8.979449e-02	-1.521944e-01
5.855856e-01	7.564511e-03	8.398859e-02	-1.554738e-01
5.885886e-01	7.030825e-03	7.806309e-02	-1.585319e-01
5.915916e-01	6.487129e-03	7.202644e-02	-1.613642e-01
5.945946e-01	5.934195e-03	6.588723e-02	-1.639667e-01
5.975976e-01	5.372812e-03	5.965421e-02	-1.663357e-01
6.006006e-01	4.803778e-03	5.333624e-02	-1.684679e-01
6.036036e-01	4.227904e-03	4.694233e-02	-1.703603e-01
6.066066e-01	3.646011e-03	4.048157e-02	-1.720100e-01
6.096096e-01	3.058925e-03	3.396318e-02	-1.734148e-01
6.126126e-01	2.467484e-03	2.739642e-02	-1.745727e-01
6.156156e-01	1.872530e-03	2.079065e-02	-1.754820e-01
6.186186e-01	1.274909e-03	1.415528e-02	-1.761415e-01
6.216216e-01	6.754727e-04	7.499758e-03	-1.765501e-01
6.246246e-01	7.507480e-05	8.335537e-04	-1.767074e-01
6.276276e-01	-5.254300e-04	-5.833838e-03	-1.766130e-01
6.306306e-01	-1.125187e-03	-1.249292e-02	-1.762672e-01
6.336336e-01	-1.723341e-03	-1.913422e-02	-1.756704e-01
6.366366e-01	-2.319042e-03	-2.574827e-02	-1.748234e-01
6.396396e-01	-2.911440e-03	-3.232566e-02	-1.737275e-01
6.426426e-01	-3.499693e-03	-3.885701e-02	-1.723843e-01
6.456456e-01	-4.082963e-03	-4.533305e-02	-1.707955e-01
6.486486e-01	-4.660419e-03	-5.174453e-02	-1.689636e-01
6.516517e-01	-5.231239e-03	-5.808233e-02	-1.668911e-01
6.546547e-01	-5.794610e-03	-6.433743e-02	-1.645810e-01
6.576577e-01	-6.349731e-03	-7.050091e-02	-1.620365e-01
6.606607e-01	-6.895810e-03	-7.656402e-02	-1.592613e-01
6.636637e-01	-7.432070e-03	-8.251810e-02	-1.562593e-01
6.666667e-01	-7.957747e-03	-8.835468e-02	-1.530348e-01
6.696697e-01	-8.472094e-03	-9.406546e-02	-1.495924e-01
6.726727e-01	-8.974377e-03	-9.964230e-02	-1.459370e-01
6.756757e-01	-9.463881e-03	-1.050773e-01	-1.420738e-01
6.786787e-01	-9.939910e-03	-1.103626e-01	-1.380083e-01
6.816817e-01	-1.040178e-02	-1.154908e-01	-1.337463e-01
6.846847e-01	-1.084885e-02	-1.204545e-01	-1.292939e-01
6.876877e-01	-1.128047e-02	-1.252467e-01	-1.246573e-01
6.906907e-01	-1.169602e-02	-1.298606e-01	-1.198433e-01
6.936937e-01	-1.209492e-02	-1.342896e-01	-1.148586e-01
6.966967e-01	-1.247660e-02	-1.385274e-01	-1.097104e-01
6.996997e-01	-1.284051e-02	-1.425679e-01	-1.044059e-01
7.027027e-01	-1.318614e-02	-1.464054e-01	-9.895279e-02
7.057057e-01	-1.351299e-02	-1.500345e-01	-9.335877e-02
7.087087e-01	-1.382061e-02	-1.534499e-01	-8.763182e-02
7.117117e-01	-1.410854e-02	-1.566468e-01	-8.178009e-02
7.147147e-01	-1.437638e-02	-1.596207e-01	-7.581191e-02
7.177177e-01	-1.462376e-02	-1.623672e-01	-6.973579e-02
7.207207e-01	-1.485031e-02	-1.648826e-01	-6.356037e-02
7.237237e-01	-1.505571e-02	-1.671632e-01	-5.729444e-02
7.267267e-01	-1.523968e-02	-1.692058e-01	-5.094693e-02
7.297297e-01	-1.540195e-02	-1.710075e-01	-4.452688e-02
7.327327e-01	-1.554229e-02	-1.725656e-01	-3.804343e-02
7.357357e-01	-1.566049e-02	-1.738781e-01	-3.150581e-02
7.387387e-01	-1.575640e-02	-1.749429e-01	-2.492332e-02
7.417417e-01	-1.582987e-02	-1.757587e-01	-1.830535e-02
7.447447e-01	-1.588080e-02	-1.763242e-01	-1.166131e-02
7.477477e-01	-1.590912e-02	-1.766386e-01	-5.000673e-03
7.507508e-01	-1.591479e-02	-1.767015e-01	1.667089e-03
7.537538e-01	-1.589779e-02	-1.765128e-01	8.332477e-03
7.567568e-01	-1.585816e-02	-1.760728e-01	1.498600e-02
7.597598e-01	-1.579595e-02	-1.753820e-01	2.161819e-02
7.627628e-01	-1.571124e-02	-1.744416e-01	2.821959e-02
7.657658e-01	-1.560417e-02	-1.732527e-01	3.478081e-02
7.687688e-01	-1.547487e-02	-1.718171e-01	4.129251e-02
7.717718e-01	-1.532354e-02	-1.701369e-01	4.774541e-02
7.747748e-01	-1.515039e-02	-1.682145e-01	5.413032e-02
7.777778e-01	-1.495567e-02	-1.660525e-01	6.043816e-02
7.807808e-01	-1.473966e-02	-1.636541e-01	6.665994e-02
7.837838e-01	-1.450265e-02	-1.610226e-01	7.278681e-02
7.867868e-01	-1.424500e-02	-1.581619e-01	7.881003e-02
7.897898e-01	-1.396706e-02	-1.550759e-01	8.472104e-02
7.927928e-01	-1.366923e-02	-1.517692e-01	9.051141e-02
7.957958e-01	-1.335194e-02	-1.482463e-01	9.617290e-02
7.987988e-01	-1.301564e-02	-1.445124e-01	1.016975e-01
8.018018e-01	-1.266081e-02	-1.405727e-01	1.070772e-01
8.048048e-01	-1.228795e-02	-1.364328e-01	1.123045e-01
8.078078e-01	-1.189759e-02	-1.320986e-01	1.173718e-01
8.108108e-01	-1.149029e-02	-1.275764e-01	1.222721e-01
8.138138e-01	-1.106663e-02	-1.228725e-01	1.269982e-01
8.168168e-01	-1.062721e-02	-1.179937e-01	1.315435e-01
8.198198e-01	-1.017266e-02	-1.129468e-01	1.359015e-01
8.228228e-01	-9.703623e-03	-1.077391e-01	1.400660e-01
8.258258e-01	-9.220770e-03	-1.023780e-01	1.440311e-01
8.288288e-01	-8.724788e-03	-9.687112e-02	1.477910e-01
8.318318e-01	-8.216383e-03	-9.122631e-02	1.513405e-01
8.348348e-01	-7.696278e-03	-8.545160e-02	1.546746e-01
8.378378e-01	-7.165215e-03	-7.955522e-02	1.577884e-01
8.408408e-01	-6.623949e-03	-7.354556e-02	1.606775e-01
8.438438e-01	-6.073252e-03	-6.743117e-02	1.633378e-01
8.468468e-01	-5.513906e-03	-6.122077e-02	1.657655e-01
8.498498e-01	-4.946710e-03	-5.492320e-02	1.679573e-01
8.528529e-01	-4.372469e-03	-4.854743e-02	1.699098e-01
8.558559e-01	-3.792003e-03	-4.210252e-02	1.716204e-01
8.588589e-01	-3.206138e-03	-3.559767e-02	1.730867e-01
8.618619e-01	-2.615707e-03	-2.904213e-02	1.743065e-01
8.648649e-01	-2.021551e-03	-2.244524e-02	1.752781e-01
8.678679e-01	-1.424518e-03	-1.581639e-02	1.760001e-01
8.708709e-01	-8.254553e-04	-9.165011e-03	1.764715e-01
8.738739e-01	-2.252177e-04	-2.500587e-03	1.766917e-01
8.768769e-01	3.753406e-04	4.167398e-03	1.766602e-01
8.798799e-01	9.753644e-04	1.082945e-02	1.763772e-01
8.828829e-01	1.573999e-03	1.747608e-02	1.758431e-01
8.858859e-01	2.170393e-03	2.409783e-02	1.750585e-01
8.888889e-01	2.763697e-03	3.068526e-02	1.740248e-01
8.918919e-01	3.353065e-03	3.722900e-02	1.727432e-01
8.948949e-01	3.937658e-03	4.371973e-02	1.712156e-01
8.978979e-01	4.516645e-03	5.014821e-02	1.694443e-01
9.009009e-01	5.089201e-03	5.650528e-02	1.674316e-01
9.039039e-01	5.654510e-03	6.278189e-02	1.651806e-01
9.069069e-01	6.211768e-03	6.896911e-02	1.626944e-01
9.099099e-01	6.760180e-03	7.505813e-02	1.599765e-01
9.129129e-01	7.298967e-03	8.104026e-02	1.570308e-01
9.159159e-01	7.827361e-03	8.690701e-02	1.538615e-01
9.189189e-01	8.344610e-03	9.265001e-02	1.504732e-01
9.219219e-01	8.849976e-03	9.826108e-02	1.468706e-01
9.249249e-01	9.342741e-03	1.037322e-01	1.430588e-01
9.279279e-01	9.822203e-03	1.090557e-01	1.390434e-01
9.309309e-01	1.028768e-02	1.142239e-01	1.348299e-01
9.339339e-01	1.073851e-02	1.192294e-01	1.304245e-01
9.369369e-01	1.117404e-02	1.240651e-01	1.258334e-01
9.399399e-01	1.159367e-02	1.287242e-01	1.210631e-01
9.429429e-01	1.199679e-02	1.332001e-01	1.161204e-01
9.459459e-01	1.238282e-02	1.374862e-01	1.110124e-01
9.489489e-01	1.275123e-02	1.415766e-01	1.057463e-01
9.519520e-01	1.310147e-02	1.454654e-01	1.003296e-01
9.549550e-01	1.343307e-02	1.491470e-01	9.477005e-02
9.579580e-01	1.374553e-02	1.526163e-01	8.907558e-02
9.609610e-01	1.403842e-02	1.558683e-01	8.325427e-02
9.639640e-01	1.431133e-02	1.588983e-01	7.731441e-02
9.669670e-01	1.456385e-02	1.617021e-01	7.126447e-02
9.699700e-01	1.479564e-02	1.642757e-01	6.511305e-02
9.729730e-01	1.500636e-02	1.666153e-01	5.886892e-02
9.759760e-01	1.519571e-02	1.687177e-01	5.254097e-02
9.789790e-01	1.536343e-02	1.705798e-01	4.613820e-02
9.819820e-01	1.550927e-02	1.721990e-01	3.966973e-02
9.849850e-01	1.563302e-02	1.735731e-01	3.314478e-02
9.879880e-01	1.573452e-02	1.747000e-01	2.657264e-02
9.909910e-01	1.581361e-02	1.755782e-01	1.996266e-02
9.939940e-01	1.587019e-02	1.762063e-01	1.332425e-02
9.969970e-01	1.590416e-02	1.765836e-01	6.666872e-03
1.000000e+00	1.591549e-02	1.767094e-01	8.656262e-17
1.003003e+00	1.590416e-02	1.765836e-01	-6.666872e-03
1.006006e+00	1.587019e-02	1.762063e-01	-1.332425e-02
1.009009e+00	1.581361e-02	1.755782e-01	-1.996266e-02
1.012012e+00	1.573452e-02	1.747000e-01	-2.657264e-02
1.015015e+00	1.563302e-02	1.735731e-01	-3.314478e-02
1.018018e+00	1.550927e-02	1.721990e-01	-3.966973e-02
1.021021e+00	1.536343e-02	1.705798e-01	-4.613820e-02
1.024024e+00	1.519571e-02	1.687177e-01	-5.254097e-02
1.027027e+00	1.500636e-02	1.666153e-01	-5.886892e-02
1.030030e+00	1.479564e-02	1.642757e-01	-6.511305e-02
1.033033e+00	1.456385e-02	1.617021e-01	-7.126447e-02
1.036036e+00	1.431133e-02	1.588983e-01	-7.731441e-02
1.039039e+00	1.403842e-02	1.558683e-01	-8.325427e-02
1.042042e+00	1.374553e-02	1.526163e-01	-8.907558e-02
1.045045e+00	1.343307e-02	1.491470e-01	-9.477005e-02
1.048048e+00	1.310147e-02	1.454654e-01	-1.003296e-01
1.051051e+00	1.275123e-02	1.415766e-01	-1.057463e-01
1.054054e+00	1.238282e-02	1.374862e-01	-1.110124e-01
1.057057e+00	1.199679e-02	1.332001e-01	-1.161204e-01
1.060060e+00	1.159367e-02	1.287242e-01	-1.210631e-01
1.063063e+00	1.117404e-02	1.240651e-01	-1.258334e-01
1.066066e+00	1.073851e-02	1.192294e-01	-1.304245e-01
1.069069e+00	1.028768e-02	1.142239e-01	-1.348299e-01
1.072072e+00	9.822203e-03	1.090557e-01	-1.390434e-01
1.075075e+00	9.342741e-03	1.037322e-01	-1.430588e-01
1.078078e+00	8.849976e-03	9.826108e-02	-1.468706e-01
1.081081e+00	8.344610e-03	9.265001e-02	-1.504732e-01
1.084084e+00	7.827361e-03	8.690701e-02	-1.538615e-01
1.087087e+00	7.298967e-03	8.104026e-02	-1.570308e-01
1.090090e+00	6.760180e-03	7.505813e-02	-1.599765e-01
1.093093e+00	6.211768e-03	6.896911e-02	-1.626944e-01
1.096096e+00	5.654510e-03	6.278189e-02	-1.651806e-01
1.099099e+00	5.089201e-03	5.650528e-02	-1.674316e-01
1.102102e+00	4.516645e-03	5.014821e-02	-1.694443e-01
1.105105e+00	3.937658e-03	4.371973e-02	-1.712156e-01
1.108108e+00	3.353065e-03	3.722900e-02	-1.727432e-01
1.111111e+00	2.763697e-03	3.068526e-02	-1.740248e-01
1.114114e+00	2.170393e-03	2.409783e-02	-1.750585e-01
1.117117e+00	1.573999e-03	1.747608e-02	-1.758431e-01
1.120120e+00	9.753644e-04	1.082945e-02	-1.763772e-01
1.123123e+00	3.753406e-04	4.167398e-03	-1.766602e-01
1.126126e+00	-2.252177e-04	-2.500587e-03	-1.766917e-01
1.129129e+00	-8.254553e-04	-9.165011e-03	-1.764715e-01
1.132132e+00	-1.424518e-03	-1.581639e-02	-1.760001e-01
1.135135e+00	-2.021551e-03	-2.244524e-02	-1.752781e-01
1.138138e+00	-2.615707e-03	-2.904213e-02	-1.743065e-01
1.141141e+00	-3.206138e-03	-3.559767e-02	-1.730867e-01
1.144144e+00	-3.792003e-03	-4.210252e-02	-1.716204e-01
1.147147e+00	-4.372469e-03	-4.854743e-02	-1.699098e-01
1.150150e+00	-4.946710e-03	-5.492320e-02	-1.679573e-01
1.153153e+00	-5.513906e-03	-6.122077e-02	-1.657655e-01
1.156156e+00	-6.073252e-03	-6.743117e-02	-1.633378e-01
1.159159e+00	-6.623949e-03	-7.354556e-02	-1.606775e-01
1.162162e+00	-7.165215e-03	-7.955522e-02	-1.577884e-01
1.165165e+00	-7.696278e-03	-8.545160e-02	-1.546746e-01
1.168168e+00	-8.216383e-03	-9.122631e-02	-1.513405e-01
1.171171e+00	-8.724788e-03	-9.687112e-02	-1.477910e-01
1.174174e+00	-9.220770e-03	-1.023780e-01	-1.440311e-01
1.177177e+00	-9.703623e-03	-1.077391e-01	-1.400660e-01
1.180180e+00	-1.017266e-02	-1.129468e-01	-1.359015e-01
1.183183e+00	-1.062721e-02	-1.179937e-01	-1.315435e-01
1.186186e+00	-1.106663e-02	-1.228725e-01	-1.269982e-01
1.189189e+00	-1.149029e-02	-1.275764e-01	-1.222721e-01
1.192192e+00	-1.189759e-02	-1.320986e-01	-1.173718e-01
1.195195e+00	-1.228795e-02	-1.364328e-01	-1.123045e-01
1.198198e+00	-1.266081e-02	-1.405727e-01	-1.070772e-01
1.201201e+00	-1.301564e-02	-1.445124e-01	-1.016975e-01
1.204204e+00	-1.335194e-02	-1.482463e-01	-9.617290e-02
1.207207e+00	-1.366923e-02	-1.517692e-01	-9.051141e-02
1.210210e+00	-1.396706e-02	-1.550759e-01	-8.472104e-02
1.213213e+00	-1.424500e-02	-1.581619e-01	-7.881003e-02
1.216216e+00	-1.450265e-02	-1.610226e-01	-7.278681e-02
1.219219e+00	-1.473966e-02	-1.636541e-01	-6.665994e-02
1.222222e+00	-1.495567e-02	-1.660525e-01	-6.043816e-02
1.225225e+00	-1.515039e-02	-1.682145e-01	-5.413032e-02
1.228228e+00	-1.532354e-02	-1.701369e-01	-4.774541e-02
1.231231e+00	-1.547487e-02	-1.718171e-01	-4.129251e-02
1.234234e+00	-1.560417e-02	-1.732527e-01	-3.478081e-02
1.237237e+00	-1.571124e-02	-1.744416e-01	-2.821959e-02
1.240240e+00	-1.579595e-02	-1.753820e-01	-2.161819e-02
1.243243e+00	-1.585816e-02	-1.760728e-01	-1.498600e-02
1.246246e+00	-1.589779e-02	-1.765128e-01	-8.332477e-03
1.249249e+00	-1.591479e-02	-1.767015e-01	-1.667089e-03
1.252252e+00	-1.590912e-02	-1.766386e-01	5.000673e-03
1.255255e+00	-1.588080e-02	-1.763242e-01	1.166131e-02
1.258258e+00	-1.582987e-02	-1.757587e-01	1.830535e-02
1.261261e+00	-1.575640e-02	-1.749429e-01	2.492332e-02
1.264264e+00	-1.566049e-02	-1.738781e-01	3.150581e-02
1.267267e+00	-1.554229e-02	-1.725656e-01	3.804343e-02
1.270270e+00	-1.540195e-02	-1.710075e-01	4.452688e-02
1.273273e+00	-1.523968e-02	-1.692058e-01	5.094693e-02
1.276276e+00	-1.505571e-02	-1.671632e-01	5.729444e-02
1.279279e+00	-1.485031e-02	-1.648826e-01	6.356037e-02
1.282282e+00	-1.462376e-02	-1.623672e-01	6.973579e-02
1.285285e+00	-1.437638e-02	-1.596207e-01	7.581191e-02
1.288288e+00	-1.410854e-02	-1.566468e-01	8.178009e-02
1.291291e+00	-1.382061e-02	-1.534499e-01	8.763182e-02
1.294294e+00	-1.351299e-02	-1.500345e-01	9.335877e-02
1.297297e+00	-1.318614e-02	-1.464054e-01	9.895279e-02
1.300300e+00	-1.284051e-02	-1.425679e-01	1.044059e-01
1.303303e+00	-1.247660e-02	-1.385274e-01	1.097104e-01
1.306306e+00	-1.209492e-02	-1.342896e-01	1.148586e-01
1.309309e+00	-1.169602e-02	-1.298606e-01	1.198433e-01
1.312312e+00	-1.128047e-02	-1.252467e-01	1.246573e-01
1.315315e+00	-1.084885e-02	-1.204545e-01	1.292939e-01
1.318318e+00	-1.040178e-02	-1.154908e-01	1.337463e-01
1.321321e+00	-9.939910e-03	-1.103626e-01	1.380083e-01
1.324324e+00	-9.463881e-03	-1.050773e-01	1.420738e-01
1.327327e+00	-8.974377e-03	-9.964230e-02	1.459370e-01
1.330330e+00	-8.472094e-03	-9.406546e-02	1.495924e-01
1.333333e+00	-7.957747e-03	-8.835468e-02	1.530348e-01
1.336336e+00	-7.432070e-03	-8.251810e-02	1.562593e-01
1.339339e+00	-6.895810e-03	-7.656402e-02	1.592613e-01
1.342342e+00	-6.349731e-03	-7.050091e-02	1.620365e-01
1.345345e+00	-5.794610e-03	-6.433743e-02	1.645810e-01
1.348348e+00	-5.231239e-03	-5.808233e-02	1.668911e-01
1.351351e+00	-4.660419e-03	-5.174453e-02	1.689636e-01
1.354354e+00	-4.082963e-03	-4.533305e-02	1.707955e-01
1.357357e+00	-3.499693e-03	-3.885701e-02	1.723843e-01
1.360360e+00	-2.911440e-03	-3.232566e-02	1.737275e-01
1.363363e+00	-2.319042e-03	-2.574827e-02	1.748234e-01
1.366366e+00	-1.723341e-03	-1.913422e-02	1.756704e-01
1.369369e+00	-1.125187e-03	-1.249292e-02	1.762672e-01
1.372372e+00	-5.254300e-04	-5.833838e-03	1.766130e-01
1.375375e+00	7.507480e-05	8.335537e-04	1.767074e-01
1.378378e+00	6.754727e-04	7.499758e-03	1.765501e-01
1.381381e+00	1.274909e-03	1.415528e-02	1.761415e-01
1.384384e+00	1.872530e-03	2.079065e-02	1.754820e-01
1.387387e+00	2.467484e-03	2.739642e-02	1.745727e-01
1.390390e+00	3.058925e-03	3.396318e-02	1.734148e-01
1.393393e+00	3.646011e-03	4.048157e-02	1.720100e-01
1.396396e+00	4.227904e-03	4.694233e-02	1.703603e-01
1.399399e+00	4.803778e-03	5.333624e-02	1.684679e-01
1.402402e+00	5.372812e-03	5.965421e-02	1.663357e-01
1.405405e+00	5.934195e-03	6.588723e-02	1.639667e-01
1.408408e+00	6.487129e-03	7.202644e-02	1.613642e-01
1.411411e+00	7.030825e-03	7.806309e-02	1.585319e-01
1.414414e+00	7.564511e-03	8.398859e-02	1.554738e-01
1.417417e+00	8.087425e-03	8.979449e-02	1.521944e-01
1.420420e+00	8.598824e-03	9.547254e-02	1.486983e-01
1.423423e+00	9.097978e-03	1.010146e-01	1.449905e-01
1.426426e+00	9.584178e-03	1.064129e-01	1.410762e-01
1.429429e+00	1.005673e-02	1.116597e-01	1.369610e-01
1.432432e+00	1.051496e-02	1.167474e-01	1.326508e-01
1.435435e+00	1.095823e-02	1.216689e-01	1.281518e-01
1.438438e+00	1.138588e-02	1.264172e-01	1.234702e-01
1.441441e+00	1.179733e-02	1.309855e-01	1.186128e-01
1.444444e+00	1.219198e-02	1.353672e-01	1.135866e-01
1.447447e+00	1.256926e-02	1.395562e-01	1.083986e-01
1.450450e+00	1.292865e-02	1.435465e-01	1.030563e-01
1.453453e+00	1.326963e-02	1.473324e-01	9.756719e-02
1.456456e+00	1.359172e-02	1.509085e-01	9.193918e-02
1.459459e+00	1.389445e-02	1.542698e-01	8.618026e-02
1.462462e+00	1.417740e-02	1.574113e-01	8.029863e-02
1.465465e+00	1.444016e-02	1.603288e-01	7.430267e-02
1.468468e+00	1.468236e-02	1.630179e-01	6.820090e-02
1.471471e+00	1.490365e-02	1.654749e-01	6.200202e-02
1.474474e+00	1.510373e-02	1.676963e-01	5.571486e-02
1.477477e+00	1.528229e-02	1.696789e-01	4.934837e-02
1.480480e+00	1.543910e-02	1.714199e-01	4.291160e-02
1.483483e+00	1.557392e-02	1.729169e-01	3.641374e-02
1.486486e+00	1.568656e-02	1.741676e-01	2.986403e-02
1.489489e+00	1.577687e-02	1.751703e-01	2.327179e-02
1.492492e+00	1.584472e-02	1.759236e-01	1.664642e-02
1.495495e+00	1.589000e-02	1.764263e-01	9.997341e-03
1.498498e+00	1.591266e-02	1.766779e-01	3.334029e-03
1.501502e+00	1.591266e-02	1.766779e-01	-3.334029e-03
1.504505e+00	1.589000e-02	1.764263e-01	-9.997341e-03
1.507508e+00	1.584472e-02	1.759236e-01	-1.664642e-02
1.510511e+00	1.577687e-02	1.751703e-01	-2.327179e-02
1.513514e+00	1.568656e-02	1.741676e-01	-2.986403e-02
1.516517e+00	1.557392e-02	1.729169e-01	-3.641374e-02
1.519520e+00	1.543910e-02	1.714199e-01	-4.291160e-02
1.522523e+00	1.528229e-02	1.696789e-01	-4.934837e-02
1.525526e+00	1.510373e-02	1.676963e-01	-5.571486e-02
1.528529e+00	1.490365e-02	1.654749e-01	-6.200202e-02
1.531532e+00	1.468236e-02	1.630179e-01	-6.820090e-02
1.534535e+00	1.444016e-02	1.603288e-01	-7.430267e-02
1.537538e+00	1.417740e-02	1.574113e-01	-8.029863e-02
1.540541e+00	1.389445e-02	1.542698e-01	-8.618026e-02
1.543544e+00	1.359172e-02	1.509085e-01	-9.193918e-02
1.546547e+00	1.326963e-02	1.473324e-01	-9.756719e-02
1.549550e+00	1.292865e-02	1.435465e-01	-1.030563e-01
1.552553e+00	1.256926e-02	1.395562e-01	-1.083986e-01
1.555556e+00	1.219198e-02	1.353672e-01	-1.135866e-01
1.558559e+00	1.179733e-02	1.309855e-01	-1.186128e-01
1.561562e+00	1.138588e-02	1.264172e-01	-1.234702e-01
1.564565e+00	1.095823e-02	1.216689e-01	-1.281518e-01
1.567568e+00	1.051496e-02	1.167474e-01	-1.326508e-01
1.570571e+00	1.005673e-02	1.116597e-01	-1.369610e-01
1.573574e+00	9.584178e-03	1.064129e-01	-1.410762e-01
1.576577e+00	9.097978e-03	1.010146e-01	-1.449905e-01
1.579580e+00	8.598824e-03	9.547254e-02	-1.486983e-01
1.582583e+00	8.087425e-03	8.979449e-02	-1.521944e-01
1.585586e+00	7.564511e-03	8.398859e-02	-1.554738e-01
1.588589e+00	7.030825e-03	7.806309e-02	-1.585319e-01
1.591592e+00	6.487129e-03	7.202644e-02	-1.613642e-01
1.594595e+00	5.934195e-03	6.588723e-02	-1.639667e-01
1.597598e+00	5.372812e-03	5.965421e-02	-1.663357e-01
1.600601e+00	4.803778e-03	5.333624e-02	-1.684679e-01
1.603604e+00	4.227904e-03	4.694233e-02	-1.703603e-01
1.606607e+00	3.646011e-03	4.048157e-02	-1.720100e-01
1.609610e+00	3.058925e-03	3.396318e-02	-1.734148e-01
1.612613e+00	2.467484e-03	2.739642e-02	-1.745727e-01
1.615616e+00	1.872530e-03	2.079065e-02	-1.754820e-01
1.618619e+00	1.274909e-03	1.415528e-02	-1.761415e-01
1.621622e+00	6.754727e-04	7.499758e-03	-1.765501e-01
1.624625e+00	7.507480e-05	8.335537e-04	-1.767074e-01
1.627628e+00	-5.254300e-04	-5.833838e-03	-1.766130e-01
1.630631e+00	-1.125187e-03	-1.249292e-02	-1.762672e-01
1.633634e+00	-1.723341e-03	-1.913422e-02	-1.756704e-01
1.636637e+00	-2.319042e-03	-2.574827e-02	-1.748234e-01
1.639640e+00	-2.911440e-03	-3.232566e-02	-1.737275e-01
1.642643e+00	-3.499693e-03	-3.885701e-02	-1.723843e-01
1.645646e+00	-4.082963e-03	-4.533305e-02	-1.707955e-01
1.648649e+00	-4.660419e-03	-5.174453e-02	-1.689636e-01
1.651652e+00	-5.231239e-03	-5.808233e-02	-1.668911e-01
1.654655e+00	-5.794610e-03	-6.433743e-02	-1.645810e-01
1.657658e+00	-6.349731e-03	-7.050091e-02	-1.620365e-01
1.660661e+00	-6.895810e-03	-7.656402e-02	-1.592613e-01
1.663664e+00	-7.432070e-03	-8.251810e-02	-1.562593e-01
1.666667e+00	-7.957747e-03	-8.835468e-02	-1.530348e-01
1.669670e+00	-8.472094e-03	-9.406546e-02	-1.495924e-01
1.672673e+00	-8.974377e-03	-9.964230e-02	-1.459370e-01
1.675676e+00	-9.463881e-03	-1.050773e-01	-1.420738e-01
1.678679e+00	-9.939910e-03	-1.103626e-01	-1.380083e-01
1.681682e+00	-1.040178e-02	-1.154908e-01	-1.337463e-01
1.684685e+00	-1.084885e-02	-1.204545e-01	-1.292939e-01
1.687688e+00	-1.128047e-02	-1.252467e-01	-1.246573e-01
1.690691e+00	-1.169602e-02	-1.298606e-01	-1.198433e-01
1.693694e+00	-1.209492e-02	-1.342896e-01	-1.148586e-01
1.696697e+00	-1.247660e-02	-1.385274e-01	-1.097104e-01
1.699700e+00	-1.284051e-02	-1.425679e-01	-1.044059e-01
1.702703e+00	-1.318614e-02	-1.464054e-01	-9.895279e-02
1.705706e+00	-1.351299e-02	-1.500345e-01	-9.335877e-02
1.708709e+00	-1.382061e-02	-1.534499e-01	-8.763182e-02
1.711712e+00	-1.410854e-02	-1.566468e-01	-8.178009e-02
1.714715e+00	-1.437638e-02	-1.596207e-01	-7.581191e-02
1.717718e+00	-1.462376e-02	-1.623672e-01	-6.973579e-02
1.720721e+00	-1.485031e-02	-1.648826e-01	-6.356037e-02
1.723724e+00	-1.505571e-02	-1.671632e-01	-5.729444e-02
1.726727e+00	-1.523968e-02	-1.692058e-01	-5.094693e-02
1.729730e+00	-1.540195e-02	-1.710075e-01	-4.452688e-02
1.732733e+00	-1.554229e-02	-1.725656e-01	-3.804343e-02
1.735736e+00	-1.566049e-02	-1.738781e-01	-3.150581e-02
1.738739e+00	-1.575640e-02	-1.749429e-01	-2.492332e-02
1.741742e+00	-1.582987e-02	-1.757587e-01	-1.830535e-02
1.744745e+00	-1.588080e-02	-1.763242e-01	-1.166131e-02
1.747748e+00	-1.590912e-02	-1.766386e-01	-5.000673e-03
1.750751e+00	-1.591479e-02	-1.767015e-01	1.667089e-03
1.753754e+00	-1.589779e-02	-1.765128e-01	8.332477e-03
1.756757e+00	-1.585816e-02	-1.760728e-01	1.498600e-02
1.759760e+00	-1.579595e-02	-1.753820e-01	2.161819e-02
1.762763e+00	-1.571124e-02	-1.744416e-01	2.821959e-02
1.765766e+00	-1.560417e-02	-1.732527e-01	3.478081e-02
1.768769e+00	-1.547487e-02	-1.718171e-01	4.129251e-02
1.771772e+00	-1.532354e-02	-1.701369e-01	4.774541e-02
1.774775e+00	-1.515039e-02	-1.682145e-01	5.413032e-02
1.777778e+00	-1.495567e-02	-1.660525e-01	6.043816e-02
1.780781e+00	-1.473966e-02	-1.636541e-01	6.665994e-02
1.783784e+00	-1.450265e-02	-1.610226e-01	7.278681e-02
1.786787e+00	-1.424500e-02	-1.581619e-01	7.881003e-02
1.789790e+00	-1.396706e-02	-1.550759e-01	8.472104e-02
1.792793e+00	-1.366923e-02	-1.517692e-01	9.051141e-02
1.795796e+00	-1.335194e-02	-1.482463e-01	9.617290e-02
1.798799e+00	-1.301564e-02	-1.445124e-01	1.016975e-01
1.801802e+00	-1.266081e-02	-1.405727e-01	1.070772e-01
1.804805e+00	-1.228795e-02	-1.364328e-01	1.123045e-01
1.807808e+00	-1.189759e-02	-1.320986e-01	1.173718e-01
1.810811e+00	-1.149029e-02	-1.275764e-01	1.222721e-01
1.813814e+00	-1.106663e-02	-1.228725e-01	1.269982e-01
1.816817e+00	-1.062721e-02	-1.179937e-01	1.315435e-01
1.819820e+00	-1.017266e-02	-1.129468e-01	1.359015e-01
1.822823e+00	-9.703623e-03	-1.077391e-01	1.400660e-01
1.825826e+00	-9.220770e-03	-1.023780e-01	1.440311e-01
1.828829e+00	-8.724788e-03	-9.687112e-02	1.477910e-01
1.831832e+00	-8.216383e-03	-9.122631e-02	1.513405e-01
1.834835e+00	-7.696278e-03	-8.545160e-02	1.546746e-01
1.837838e+00	-7.165215e-03	-7.955522e-02	1.577884e-01
1.840841e+00	-6.623949e-03	-7.354556e-02	1.606775e-01
1.843844e+00	-6.073252e-03	-6.743117e-02	1.633378e-01
1.846847e+00	-5.513906e-03	-6.122077e-02	1.657655e-01
1.849850e+00	-4.946710e-03	-5.492320e-02	1.679573e-01
1.852853e+00	-4.372469e-03	-4.854743e-02	1.699098e-01
1.855856e+00	-3.792003e-03	-4.210252e-02	1.716204e-01
1.858859e+00	-3.206138e-03	-3.559767e-02	1.730867e-01
1.861862e+00	-2.615707e-03	-2.904213e-02	1.743065e-01
1.864865e+00	-2.021551e-03	-2.244524e-02	1.752781e-01
1.867868e+00	-1.424518e-03	-1.581639e-02	1.760001e-01
1.870871e+00	-8.254553e-04	-9.165011e-03	1.764715e-01
1.873874e+00	-2.252177e-04	-2.500587e-03	1.766917e-01
1.876877e+00	3.753406e-04	4.167398e-03	1.766602e-01
1.879880e+00	9.753644e-04	1.082945e-02	1.763772e-01
1.882883e+00	1.573999e-03	1.747608e-02	1.758431e-01
1.885886e+00	2.170393e-03	2.409783e-02	1.750585e-01
1.888889e+00	2.763697e-03	3.068526e-02	1.740248e-01
1.891892e+00	3.353065e-03	3.722900e-02	1.727432e-01
1.894895e+00	3.937658e-03	4.371973e-02	1.712156e-01
1.897898e+00	4.516645e-03	5.014821e-02	1.694443e-01
1.900901e+00	5.089201e-03	5.650528e-02	1.674316e-01
1.903904e+00	5.654510e-03	6.278189e-02	1.651806e-01
1.906907e+00	6.211768e-03	6.896911e-02	1.626944e-01
1.909910e+00	6.760180e-03	7.505813e-02	1.599765e-01
1.912913e+00	7.298967e-03	8.104026e-02	1.570308e-01
1.915916e+00	7.827361e-03	8.690701e-02	1.538615e-01
1.918919e+00	8.344610e-03	9.265001e-02	1.504732e-01
1.921922e+00	8.849976e-03	9.826108e-02	1.468706e-01
1.924925e+00	9.342741e-03	1.037322e-01	1.430588e-01
1.927928e+00	9.822203e-03	1.090557e-01	1.390434e-01
1.930931e+00	1.028768e-02	1.142239e-01	1.348299e-01
1.933934e+00	1.073851e-02	1.192294e-01	1.304245e-01
1.936937e+00	1.117404e-02	1.240651e-01	1.258334e-01
1.939940e+00	1.159367e-02	1.287242e-01	1.210631e-01
1.942943e+00	1.199679e-02	1.332001e-01	1.161204e-01
1.945946e+00	1.238282e-02	1.374862e-01	1.110124e-01
1.948949e+00	1.275123e-02	1.415766e-01	1.057463e-01
1.951952e+00	1.310147e-02	1.454654e-01	1.003296e-01
1.954955e+00	1.343307e-02	1.491470e-01	9.477005e-02
1.957958e+00	1.374553e-02	1.526163e-01	8.907558e-02
1.960961e+00	1.403842e-02	1.558683e-01	8.325427e-02
1.963964e+00	1.431133e-02	1.588983e-01	7.731441e-02
1.966967e+00	1.456385e-02	1.617021e-01	7.126447e-02
1.969970e+00	1.479564e-02	1.642757e-01	6.511305e-02
1.972973e+00	1.500636e-02	1.666153e-01	5.886892e-02
1.975976e+00	1.519571e-02	1.687177e-01	5.254097e-02
1.978979e+00	1.536343e-02	1.705798e-01	4.613820e-02
1.981982e+00	1.550927e-02	1.721990e-01	3.966973e-02
1.984985e+00	1.563302e-02	1.735731e-01	3.314478e-02
1.987988e+00	1.573452e-02	1.747000e-01	2.657264e-02
1.990991e+00	1.581361e-02	1.755782e-01	1.996266e-02
1.993994e+00	1.587019e-02	1.762063e-01	1.332425e-02
1.996997e+00	1.590416e-02	1.765836e-01	6.666872e-03
2.000000e+00	1.591549e-02	1.767094e-01	1.731252e-16
2.003003e+00	1.590416e-02	1.765836e-01	-6.666872e-03
2.006006e+00	1.587019e-02	1.762063e-01	-1.332425e-02
2.009009e+00	1.581361e-02	1.755782e-01	-1.996266e-02
2.012012e+00	1.573452e-02	1.747000e-01	-2.657264e-02
2.015015e+00	1.563302e-02	1.735731e-01	-3.314478e-02
2.018018e+00	1.550927e-02	1.721990e-01	-3.966973e-02
2.021021e+00	1.536343e-02	1.705798e-01	-4.613820e-02
2.024024e+00	1.519571e-02	1.687177e-01	-5.254097e-02
2.027027e+00	1.500636e-02	1.666153e-01	-5.886892e-02
2.030030e+00	1.479564e-02	1.642757e-01	-6.511305e-02
2.033033e+00	1.456385e-02	1.617021e-01	-7.126447e-02
2.036036e+00	1.431133e-02	1.588983e-01	-7.731441e-02
2.039039e+00	1.403842e-02	1.558683e-01	-8.325427e-02
2.042042e+00	1.374553e-02	1.526163e-01	-8.907558e-02
2.045045e+00	1.343307e-02	1.491470e-01	-9.477005e-02
2.048048e+00	1.310147e-02	1.454654e-01	-1.003296e-01
2.051051e+00	1.275123e-02	1.415766e-01	-1.057463e-01
2.054054e+00	1.238282e-02	1.374862e-01	-1.110124e-01
2.057057e+00	1.199679e-02	1.332001e-01	-1.161204e-01
2.060060e+00	1.159367e-02	1.287242e-01	-1.210631e-01
2.063063e+00	1.117404e-02	1.240651e-01	-1.258334e-01
2.066066e+00	1.073851e-02	1.192294e-01	-1.304245e-01
2.069069e+00	1.028768e-02	1.142239e-01	-1.348299e-01
2.072072e+00	9.822203e-03	1.090557e-01	-1.390434e-01
2.075075e+00	9.342741e-03	1.037322e-01	-1.430588e-01
2.078078e+00	8.849976e-03	9.826108e-02	-1.468706e-01
2.081081e+00	8.344610e-03	9.265001e-02	-1.504732e-01
2.084084e+00	7.827361e-03	8.690701e-02	-1.538615e-01
2.087087e+00	7.298967e-03	8.104026e-02	-1.570308e-01
2.090090e+00	6.760180e-03	7.505813e-02	-1.599765e-01
2.093093e+00	6.211768e-03	6.896911e-02	-1.626944e-01
2.096096e+00	5.654510e-03	6.278189e-02	-1.651806e-01
2.099099e+00	5.089201e-03	5.650528e-02	-1.674316e-01
2.102102e+00	4.516645e-03	5.014821e-02	-1.694443e-01
2.105105e+00	3.937658e-03	4.371973e-02	-1.712156e-01
2.108108e+00	3.353065e-03	3.722900e-02	-1.727432e-01
2.111111e+00	2.763697e-03	3.068526e-02	-1.740248e-01
2.114114e+00	2.170393e-03	2.409783e-02	-1.750585e-01
2.117117e+00	1.573999e-03	1.747608e-02	-1.758431e-01
2.120120e+00	9.753644e-04	1.082945e-02	-1.763772e-01
2.123123e+00	3.753406e-04	4.167398e-03	-1.766602e-01
2.126126e+00	-2.252177e-04	-2.500587e-03	-1.766917e-01
2.129129e+00	-8.254553e-04	-9.165011e-03	-1.764715e-01
2.132132e+00	-1.424518e-03	-1.581639e-02	-1.760001e-01
2.135135e+00	-2.021551e-03	-2.244524e-02	-1.752781e-01
2.138138e+00	-2.615707e-03	-2.904213e-02	-1.743065e-01
2.141141e+00	-3.206138e-03	-3.559767e-02	-1.730867e-01
2.144144e+00	-3.792003e-03	-4.210252e-02	-1.716204e-01
2.147147e+00	-4.372469e-03	-4.854743e-02	-1.699098e-01
2.150150e+00	-4.946710e-03	-5.492320e-02	-1.679573e-01
2.153153e+00	-5.513906e-03	-6.122077e-02	-1.657655e-01
2.156156e+00	-6.073252e-03	-6.743117e-02	-1.633378e-01
2.159159e+00	-6.623949e-03	-7.354556e-02	-1.606775e-01
2.162162e+00	-7.165215e-03	-7.955522e-02	-1.577884e-01
2.165165e+00	-7.696278e-03	-8.545160e-02	-1.546746e-01
2.168168e+00	-8.216383e-03	-9.122631e-02	-1.513405e-01
2.171171e+00	-8.724788e-03	-9.687112e-02	-1.477910e-01
2.174174e+00	-9.220770e-03	-1.023780e-01	-1.440311e-01
2.177177e+00	-9.703623e-03	-1.077391e-01	-1.400660e-01
2.180180e+00	-1.017266e-02	-1.129468e-01	-1.359015e-01
2.183183e+00	-1.062721e-02	-1.179937e-01	-1.315435e-01
2.186186e+00	-1.106663e-02	-1.228725e-01	-1.269982e-01
2.189189e+00	-1.149029e-02	-1.275764e-01	-1.222721e-01
2.192192e+00	-1.189759e-02	-1.320986e-01	-1.173718e-01
2.195195e+00	-1.228795e-02	-1.364328e-01	-1.123045e-01
2.198198e+00	-1.266081e-02	-1.405727e-01	-1.070772e-01
2.201201e+00	-1.301564e-02	-1.445124e-01	-1.016975e-01
2.204204e+00	-1.335194e-02	-1.482463e-01	-9.617290e-02
2.207207e+00	-1.366923e-02	-1.517692e-01	-9.051141e-02
2.210210e+00	-1.396706e-02	-1.550759e-01	-8.472104e-02
2.213213e+00	-1.424500e-02	-1.581619e-01	-7.881003e-02
2.216216e+00	-1.450265e-02	-1.610226e-01	-7.278681e-02
2.219219e+00	-1.473966e-02	-1.636541e-01	-6.665994e-02
2.222222e+00	-1.495567e-02	-1.660525e-01	-6.043816e-02
2.225225e+00	-1.515039e-02	-1.682145e-01	-5.413032e-02
2.228228e+00	-1.532354e-02	-1.701369e-01	-4.774541e-02
2.231231e+00	-1.547487e-02	-1.718171e-01	-4.129251e-02
2.234234e+00	-1.560417e-02	-1.732527e-01	-3.478081e-02
2.237237e+00	-1.571124e-02	-1.744416e-01	-2.821959e-02
2.240240e+00	-1.579595e-02	-1.753820e-01	-2.161819e-02
2.243243e+00	-1.585816e-02	-1.760728e-01	-1.498600e-02
2.246246e+00	-1.589779e-02	-1.765128e-01	-8.332477e-03
2.249249e+00	-1.591479e-02	-1.767015e-01	-1.667089e-03
2.252252e+00	-1.590912e-02	-1.766386e-01	5.000673e-03
2.255255e+00	-1.588080e-02	-1.763242e-01	1.166131e-02
2.258258e+00	-1.582987e-02	-1.757587e-01	1.830535e-02
2.261261e+00	-1.575640e-02	-1.749429e-01	2.492332e-02
2.264264e+00	-1.566049e-02	-1.738781e-01	3.150581e-02
2.267267e+00	-1.554229e-02	-1.725656e-01	3.804343e-02
2.270270e+00	-1.540195e-02	-1.710075e-01	4.452688e-02
2.273273e+00	-1.523968e-02	-1.692058e-01	5.094693e-02
2.276276e+00	-1.505571e-02	-1.671632e-01	5.729444e-02
2.279279e+00	-1.485031e-02	-1.648826e-01	6.356037e-02
2.282282e+00	-1.462376e-02	-1.623672e-01	6.973579e-02
2.285285e+00	-1.437638e-02	-1.596207e-01	7.581191e-02
2.288288e+00	-1.410854e-02	-1.566468e-01	8.178009e-02
2.291291e+00	-1.382061e-02	-1.534499e-01	8.763182e-02
2.294294e+00	-1.351299e-02	-1.500345e-01	9.335877e-02
2.297297e+00	-1.318614e-02	-1.464054e-01	9.895279e-02
2.300300e+00	-1.284051e-02	-1.425679e-01	1.044059e-01
2.303303e+00	-1.247660e-02	-1.385274e-01	1.097104e-01
2.306306e+00	-1.209492e-02	-1.342896e-01	1.148586e-01
2.309309e+00	-1.169602e-02	-1.298606e-01	1.198433e-01
2.312312e+00	-1.128047e-02	-1.252467e-01	1.246573e-01
2.315315e+00	-1.084885e-02	-1.204545e-01	1.292939e-01
2.318318e+00	-1.040178e-02	-1.154908e-01	1.337463e-01
2.321321e+00	-9.939910e-03	-1.103626e-01	1.380083e-01
2.324324e+00	-9.463881e-03	-1.050773e-01	1.420738e-01
2.327327e+00	-8.974377e-03	-9.964230e-02	1.459370e-01
2.330330e+00	-8.472094e-03	-9.406546e-02	1.495924e-01
2.333333e+00	-7.957747e-03	-8.835468e-02	1.530348e-01
2.336336e+00	-7.432070e-03	-8.251810e-02	1.562593e-01
2.339339e+00	-6.895810e-03	-7.656402e-02	1.592613e-01
2.342342e+00	-6.349731e-03	-7.050091e-02	1.620365e-01
2.345345e+00	-5.794610e-03	-6.433743e-02	1.645810e-01
2.348348e+00	-5.231239e-03	-5.808233e-02	1.668911e-01
2.351351e+00	-4.660419e-03	-5.174453e-02	1.689636e-01
2.354354e+00	-4.082963e-03	-4.533305e-02	1.707955e-01
2.357357e+00	-3.499693e-03	-3.885701e-02	1.723843e-01
2.360360e+00	-2.911440e-03	-3.232566e-02	1.737275e-01
2.363363e+00	-2.319042e-03	-2.574827e-02	1.748234e-01
2.366366e+00	-1.723341e-03	-1.913422e-02	1.756704e-01
2.369369e+00	-1.125187e-03	-1.249292e-02	1.762672e-01
2.372372e+00	-5.254300e-04	-5.833838e-03	1.766130e-01
2.375375e+00	7.507480e-05	8.335537e-04	1.767074e-01
2.378378e+00	6.754727e-04	7.499758e-03	1.765501e-01
2.381381e+00	1.274909e-03	1.415528e-02	1.761415e-01
2.384384e+00	1.872530e-03	2.079065e-02	1.754820e-01
2.387387e+00	2.467484e-03	2.739642e-02	1.745727e-01
2.390390e+00	3.058925e-03	3.396318e-02	1.734148e-01
2.393393e+00	3.646011e-03	4.048157e-02	1.720100e-01
2.396396e+00	4.227904e-03	4.694233e-02	1.703603e-01
2.399399e+00	4.803778e-03	5.333624e-02	1.684679e-01
2.402402e+00	5.372812e-03	5.965421e-02	1.663357e-01
2.405405e+00	5.934195e-03	6.588723e-02	1.639667e-01
2.408408e+00	6.487129e-03	7.202644e-02	1.613642e-01
2.411411e+00	7.030825e-03	7.806309e-02	1.585319e-01
2.414414e+00	7.564511e-03	8.398859e-02	1.554738e-01
2.417417e+00	8.087425e-03	8.979449e-02	1.521944e-01
2.420420e+00	8.598824e-03	9.547254e-02	1.486983e-01
2.423423e+00	9.097978e-03	1.010146e-01	1.449905e-01
2.426426e+00	9.584178e-03	1.064129e-01	1.410762e-01
2.429429e+00	1.005673e-02	1.116597e-01	1.369610e-01
2.432432e+00	1.051496e-02	1.167474e-01	1.326508e-01
2.435435e+00	1.095823e-02	1.216689e-01	1.281518e-01
2.438438e+00	1.138588e-02	1.264172e-01	1.234702e-01
2.441441e+00	1.179733e-02	1.309855e-01	1.186128e-01
2.444444e+00	1.219198e-02	1.353672e-01	1.135866e-01
2.447447e+00	1.256926e-02	1.395562e-01	1.083986e-01
2.450450e+00	1.292865e-02	1.435465e-01	1.030563e-01
2.453453e+00	1.326963e-02	1.473324e-01	9.756719e-02
2.456456e+00	1.359172e-02	1.509085e-01	9.193918e-02
2.459459e+00	1.389445e-02	1.542698e-01	8.618026e-02
2.462462e+00	1.417740e-02	1.574113e-01	8.029863e-02
2.465465e+00	1.444016e-02	1.603288e-01	7.430267e-02
2.468468e+00	1.468236e-02	1.630179e-01	6.820090e-02
2.471471e+00	1.490365e-02	1.654749e-01	6.200202e-02
2.474474e+00	1.510373e-02	1.676963e-01	5.571486e-02
2.477477e+00	1.528229e-02	1.696789e-01	4.934837e-02
2.480480e+00	1.543910e-02	1.714199e-01	4.291160e-02
2.483483e+00	1.557392e-02	1.729169e-01	3.641374e-02
2.486486e+00	1.568656e-02	1.741676e-01	2.986403e-02
2.489489e+00	1.577687e-02	1.751703e-01	2.327179e-02
2.492492e+00	1.584472e-02	1.759236e-01	1.664642e-02
2.495495e+00	1.589000e-02	1.764263e-01	9.997341e-03
2.498498e+00	1.591266e-02	1.766779e-01	3.334029e-03
2.501502e+00	1.591266e-02	1.766779e-01	-3.334029e-03
2.504505e+00	1.589000e-02	1.764263e-01	-9.997341e-03
2.507508e+00	1.584472e-02	1.759236e-01	-1.664642e-02
2.510511e+00	1.577687e-02	1.751703e-01	-2.327179e-02
2.513514e+00	1.568656e-02	1.741676e-01	-2.986403e-02
2.516517e+00	1.557392e-02	1.729169e-01	-3.641374e-02
2.519520e+00	1.543910e-02	1.714199e-01	-4.291160e-02
2.522523e+00	1.528229e-02	1.696789e-01	-4.934837e-02
2.525526e+00	1.510373e-02	1.676963e-01	-5.571486e-02
2.528529e+00	1.490365e-02	1.654749e-01	-6.200202e-02
2.531532e+00	1.468236e-02	1.630179e-01	-6.820090e-02
2.534535e+00	1.444016e-02	1.603288e-01	-7.430267e-02
2.537538e+00	1.417740e-02	1.574113e-01	-8.029863e-02
2.540541e+00	1.389445e-02	1.542698e-01	-8.618026e-02
2.543544e+00	1.359172e-02	1.509085e-01	-9.193918e-02
2.546547e+00	1.326963e-02	1.473324e-01	-9.756719e-02
2.549550e+00	1.292865e-02	1.435465e-01	-1.030563e-01
2.552553e+00	1.256926e-02	1.395562e-01	-1.083986e-01
2.555556e+00	1.219198e-02	1.353672e-01	-1.135866e-01
2.558559e+00	1.179733e-02	1.309855e-01	-1.186128e-01
2.561562e+00	1.138588e-02	1.264172e-01	-1.234702e-01
2.564565e+00	1.095823e-02	1.216689e-01	-1.281518e-01
2.567568e+00	1.051496e-02	1.167474e-01	-1.326508e-01
2.570571e+00	1.005673e-02	1.116597e-01	-1.369610e-01
2.573574e+00	9.584178e-03	1.064129e-01	-1.410762e-01
2.576577e+00	9.097978e-03	1.010146e-01	-1.449905e-01
2.579580e+00	8.598824e-03	9.547254e-02	-1.486983e-01
2.582583e+00	8.087425e-03	8.979449e-02	-1.521944e-01
2.585586e+00	7.564511e-03	8.398859e-02	-1.554738e-01
2.588589e+00	7.030825e-03	7.806309e-02	-1.585319e-01
2.591592e+00	6.487129e-03	7.202644e-02	-1.613642e-01
2.594595e+00	5.934195e-03	6.588723e-02	-1.639667e-01
2.597598e+00	5.372812e-03	5.965421e-02	-1.663357e-01
2.600601e+00	4.803778e-03	5.333624e-02	-1.684679e-01
2.603604e+00	4.227904e-03	4.694233e-02	-1.703603e-01
2.606607e+00	3.646011e-03	4.048157e-02	-1.720100e-01
2.609610e+00	3.058925e-03	3.396318e-02	-1.734148e-01
2.612613e+00	2.467484e-03	2.739642e-02	-1.745727e-01
2.615616e+00	1.872530e-03	2.079065e-02	-1.754820e-01
2.618619e+00	1.274909e-03	1.415528e-02	-1.761415e-01
2.621622e+00	6.754727e-04	7.499758e-03	-1.765501e-01
2.624625e+00	7.507480e-05	8.335537e-04	-1.767074e-01
2.627628e+00	-5.254300e-04	-5.833838e-03	-1.766130e-01
2.630631e+00	-1.125187e-03	-1.249292e-02	-1.762672e-01
2.633634e+00	-1.723341e-03	-1.913422e-02	-1.756704e-01
2.636637e+00	-2.319042e-03	-2.574827e-02	-1.748234e-01
2.639640e+00	-2.911440e-03	-3.232566e-02	-1.737275e-01
2.642643e+00	-3.499693e-03	-3.885701e-02	-1.723843e-01
2.645646e+00	-4.082963e-03	-4.533305e-02	-1.707955e-01
2.648649e+00	-4.660419e-03	-5.174453e-02	-1.689636e-01
2.651652e+00	-5.231239e-03	-5.808233e-02	-1.668911e-01
2.654655e+00	-5.794610e-03	-6.433743e-02	-1.645810e-01
2.657658e+00	-6.349731e-03	-7.050091e-02	-1.620365e-01
2.660661e+00	-6.895810e-03	-7.656402e-02	-1.592613e-01
2.663664e+00	-7.432070e-03	-8.251810e-02	-1.562593e-01
2.666667e+00	-7.957747e-03	-8.835468e-02	-1.530348e-01
2.669670e+00	-8.472094e-03	-9.406546e-02	-1.495924e-01
2.672673e+00	-8.974377e-03	-9.964230e-02	-1.459370e-01
2.675676e+00	-9.463881e-03	-1.050773e-01	-1.420738e-01
2.678679e+00	-9.939910e-03	-1.103626e-01	-1.380083e-01
2.681682e+00	-1.040178e-02	-1.154908e-01	-1.337463e-01
2.684685e+00	-1.084885e-02	-1.204545e-01	-1.292939e-01
2.687688e+00	-1.128047e-02	-1.252467e-01	-1.246573e-01
2.690691e+00	-1.169602e-02	-1.298606e-01	-1.198433e-01
2.693694e+00	-1.209492e-02	-1.342896e-01	-1.148586e-01
2.696697e+00	-1.247660e-02	-1.385274e-01	-1.097104e-01
2.699700e+00	-1.284051e-02	-1.425679e-01	-1.044059e-01
2.702703e+00	-1.318614e-02	-1.464054e-01	-9.895279e-02
2.705706e+00	-1.351299e-02	-1.500345e-01	-9.335877e-02
2.708709e+00	-1.382061e-02	-1.534499e-01	-8.763182e-02
2.711712e+00	-1.410854e-02	-1.566468e-01	-8.178009e-02
2.714715e+00	-1.437638e-02	-1.596207e-01	-7.581191e-02
2.717718e+00	-1.462376e-02	-1.623672e-01	-6.973579e-02
2.720721e+00	-1.485031e-02	-1.648826e-01	-6.356037e-02
2.723724e+00	-1.505571e-02	-1.671632e-01	-5.729444e-02
2.726727e+00	-1.523968e-02	-1.692058e-01	-5.094693e-02
2.729730e+00	-1.540195e-02	-1.710075e-01	-4.452688e-02
2.732733e+00	-1.554229e-02	-1.725656e-01	-3.804343e-02
2.735736e+00	-1.566049e-02	-1.738781e-01	-3.150581e-02
2.738739e+00	-1.575640e-02	-1.749429e-01	-2.492332e-02
2.741742e+00	-1.582987e-02	-1.757587e-01	-1.830535e-02
2.744745e+00	-1.588080e-02	-1.763242e-01	-1.166131e-02
2.747748e+00	-1.590912e-02	-1.766386e-01	-5.000673e-03
2.750751e+00	-1.591479e-02	-1.767015e-01	1.667089e-03
2.753754e+00	-1.589779e-02	-1.765128e-01	8.332477e-03
2.756757e+00	-1.585816e-02	-1.760728e-01	1.498600e-02
2.759760e+00	-1.579595e-02	-1.753820e-01	2.161819e-02
2.762763e+00	-1.571124e-02	-1.744416e-01	2.821959e-02
2.765766e+00	-1.560417e-02	-1.732527e-01	3.478081e-02
2.768769e+00	-1.547487e-02	-1.718171e-01	4.129251e-02
2.771772e+00	-1.532354e-02	-1.701369e-01	4.774541e-02
2.774775e+00	-1.515039e-02	-1.682145e-01	5.413032e-02
2.777778e+00	-1.495567e-02	-1.660525e-01	6.043816e-02
2.780781e+00	-1.473966e-02	-1.636541e-01	6.665994e-02
2.783784e+00	-1.450265e-02	-1.610226e-01	7.278681e-02
2.786787e+00	-1.424500e-02	-1.581619e-01	7.881003e-02
2.789790e+00	-1.396706e-02	-1.550759e-01	8.472104e-02
2.792793e+00	-1.366923e-02	-1.517692e-01	9.051141e-02
2.795796e+00	-1.335194e-02	-1.482463e-01	9.617290e-02
2.798799e+00	-1.301564e-02	-1.445124e-01	1.016975e-01
2.801802e+00	-1.266081e-02	-1.405727e-01	1.070772e-01
2.804805e+00	-1.228795e-02	-1.364328e-01	1.123045e-01
2.807808e+00	-1.189759e-02	-1.320986e-01	1.173718e-01
2.810811e+00	-1.149029e-02	-1.275764e-01	1.222721e-01
2.813814e+00	-1.106663e-02	-1.228725e-01	1.269982e-01
2.816817e+00	-1.062721e-02	-1.179937e-01	1.315435e-01
2.819820e+00	-1.017266e-02	-1.129468e-01	1.359015e-01
2.822823e+00	-9.703623e-03	-1.077391e-01	1.400660e-01
2.825826e+00	-9.220770e-03	-1.023780e-01	1.440311e-01
2.828829e+00	-8.724788e-03	-9.687112e-02	1.477910e-01
2.831832e+00	-8.216383e-03	-9.122631e-02	1.513405e-01
2.834835e+00	-7.696278e-03	-8.545160e-02	1.546746e-01
2.837838e+00	-7.165215e-03	-7.955522e-02	1.577884e-01
2.840841e+00	-6.623949e-03	-7.354556e-02	1.606775e-01
2.843844e+00	-6.073252e-03	-6.743117e-02	1.633378e-01
2.846847e+00	-5.513906e-03	-6.122077e-02	1.657655e-01
2.849850e+00	-4.946710e-03	-5.492320e-02	1.679573e-01
2.852853e+00	-4.372469e-03	-4.854743e-02	1.699098e-01
2.855856e+00	-3.792003e-03	-4.210252e-02	1.716204e-01
2.858859e+00	-3.206138e-03	-3.559767e-02	1.730867e-01
2.861862e+00	-2.615707e-03	-2.904213e-02	1.743065e-01
2.864865e+00	-2.021551e-03	-2.244524e-02	1.752781e-01
2.867868e+00	-1.424518e-03	-1.581639e-02	1.760001e-01
2.870871e+00	-8.254553e-04	-9.165011e-03	1.764715e-01
2.873874e+00	-2.252177e-04	-2.500587e-03	1.766917e-01
2.876877e+00	3.753406e-04	4.167398e-03	1.766602e-01
2.879880e+00	9.753644e-04	1.082945e-02	1.763772e-01
2.882883e+00	1.573999e-03	1.747608e-02	1.758431e-01
2.885886e+00	2.170393e-03	2.409783e-02	1.750585e-01
2.888889e+00	2.763697e-03	3.068526e-02	1.740248e-01
2.891892e+00	3.353065e-03	3.722900e-02	1.727432e-01
2.894895e+00	3.937658e-03	4.371973e-02	1.712156e-01
2.897898e+00	4.516645e-03	5.014821e-02	1.694443e-01
2.900901e+00	5.089201e-03	5.650528e-02	1.674316e-01
2.903904e+00	5.654510e-03	6.278189e-02	1.651806e-01
2.906907e+00	6.211768e-03	6.896911e-02	1.626944e-01
2.909910e+00	6.760180e-03	7.505813e-02	1.599765e-01
2.912913e+00	7.298967e-03	8.104026e-02	1.570308e-01
2.915916e+00	7.827361e-03	8.690701e-02	1.538615e-01
2.918919e+00	8.344610e-03	9.265001e-02	1.504732e-01
2.921922e+00	8.849976e-03	9.826108e-02	1.468706e-01
2.924925e+00	9.342741e-03	1.037322e-01	1.430588e-01
2.927928e+00	9.822203e-03	1.090557e-01	1.390434e-01
2.930931e+00	1.028768e-02	1.142239e-01	1.348299e-01
2.933934e+00	1.073851e-02	1.192294e-01	1.304245e-01
2.936937e+00	1.117404e-02	1.240651e-01	1.258334e-01
2.939940e+00	1.159367e-02	1.287242e-01	1.210631e-01
2.942943e+00	1.199679e-02	1.332001e-01	1.161204e-01
2.945946e+00	1.238282e-02	1.374862e-01	1.110124e-01
2.948949e+00	1.275123e-02	1.415766e-01	1.057463e-01
2.951952e+00	1.310147e-02	1.454654e-01	1.003296e-01
2.954955e+00	1.343307e-02	1.491470e-01	9.477005e-02
2.957958e+00	1.374553e-02	1.526163e-01	8.907558e-02
2.960961e+00	1.403842e-02	1.558683e-01	8.325427e-02
2.963964e+00	1.431133e-02	1.588983e-01	7.731441e-02
2.966967e+00	1.456385e-02	1.617021e-01	7.126447e-02
2.969970e+00	1.479564e-02	1.642757e-01	6.511305e-02
2.972973e+00	1.500636e-02	1.666153e-01	5.886892e-02
2.975976e+00	1.519571e-02	1.687177e-01	5.254097e-02
2.978979e+00	1.536343e-02	1.705798e-01	4.613820e-02
2.981982e+00	1.550927e-02	1.721990e-01	3.966973e-02
2.984985e+00	1.563302e-02	1.735731e-01	3.314478e-02
2.987988e+00	1.573452e-02	1.747000e-01	2.657264e-02
2.990991e+00	1.581361e-02	1.755782e-01	1.996266e-02
2.993994e+00	1.587019e-02	1.762063e-01	1.332425e-02
2.996997e+00	1.590416e-02	1.765836e-01	6.666872e-03
3.000000e+00	1.591549e-02	1.767094e-01	2.596879e-16
