#
#
#
#
0.000000e+00	-2.246429e-02	-4.208937e-01	-1.841502e-01
2.362205e-02	-1.720733e-02	-2.473902e-01	2.130077e-01
4.724409e-02	-9.692703e-03	-9.760305e-02	8.113599e-02
7.086614e-02	-7.242076e-03	-1.298663e-01	2.194920e-01
9.448819e-02	2.920190e-03	6.849929e-02	2.144207e-01
1.181102e-01	8.805247e-03	1.397272e-01	1.494855e-01
1.417323e-01	1.184963e-02	1.908285e-01	1.244257e-02
1.653543e-01	9.185477e-03	1.142551e-01	-4.966353e-02
1.889764e-01	6.856148e-03	8.183767e-02	-7.669822e-02
2.125984e-01	4.542655e-03	5.477676e-02	-7.224012e-02
2.362205e-01	1.827610e-03	2.414784e-02	-1.136858e-01
2.598425e-01	-6.501950e-04	5.955579e-03	-7.867928e-02
2.834646e-01	-4.767149e-03	-3.181875e-02	-2.020479e-01
3.070866e-01	-1.449075e-02	-2.721040e-01	-7.778405e-02
3.307087e-01	-1.032032e-02	-1.520380e-01	1.543163e-01
3.543307e-01	-3.761308e-03	-1.371006e-02	9.583236e-02
3.779528e-01	-4.032682e-03	-8.747704e-02	6.963559e-02
4.015748e-01	1.474326e-03	-1.511641e-02	2.522170e-01
4.251969e-01	1.279535e-02	2.320146e-01	1.499812e-01
4.488189e-01	1.392573e-02	2.223346e-01	-2.802830e-02
4.724409e-01	1.042256e-02	1.783283e-01	-1.718973e-01
4.960630e-01	1.029269e-04	-3.833140e-02	-2.169315e-01
5.196850e-01	-4.080947e-03	-8.398464e-02	-5.381662e-02
5.433071e-01	-3.885937e-03	-1.978865e-02	-9.705112e-02
5.669291e-01	-1.061354e-02	-2.004343e-01	-7.398020e-02
5.905512e-01	-6.528181e-03	-9.291639e-02	1.662737e-01
6.141732e-01	-1.200664e-03	1.902428e-02	2.269248e-02
6.377953e-01	-4.501387e-04	-2.185043e-02	1.361778e-01
6.614173e-01	6.549685e-03	1.834642e-01	-1.351271e-02
6.850394e-01	-1.065346e-03	-4.351247e-02	-1.045514e-01
7.086614e-01	-8.083346e-04	9.099427e-03	5.090827e-03
7.322835e-01	-2.366333e-03	-2.109251e-02	-6.337062e-02
7.559055e-01	-4.178236e-03	-3.558185e-02	-5.081643e-02
7.795276e-01	-8.478048e-03	-1.373210e-01	-5.832046e-02
8.031496e-01	-9.893748e-03	-1.868270e-01	7.693619e-02
8.267717e-01	-4.757011e-03	-1.329325e-01	2.614714e-01
8.503937e-01	9.894645e-03	1.695569e-01	3.035124e-01
8.740157e-01	1.680120e-02	2.674955e-01	7.000667e-02
8.976378e-01	1.655848e-02	2.494598e-01	-4.930353e-02
9.212598e-01	1.218610e-02	1.808591e-01	-1.754920e-01
9.448819e-01	4.875047e-03	8.931097e-02	-2.589878e-01
9.685039e-01	-7.211345e-03	-1.355867e-01	-2.760324e-01
9.921260e-01	-1.309315e-02	-2.008740e-01	-9.433147e-02
1.015748e+00	-1.611119e-02	-2.488345e-01	-6.075768e-02
1.039370e+00	-1.554243e-02	-2.891863e-01	2.025608e-01
1.062992e+00	-1.325398e-03	3.955410e-03	3.364790e-01
1.086614e+00	1.022405e-02	2.129124e-01	1.748489e-01
1.110236e+00	1.169586e-02	2.102290e-01	-2.828164e-02
1.133858e+00	6.912751e-03	1.044294e-01	-1.198249e-01
1.157480e+00	1.180831e-03	6.854363e-03	-1.334635e-01
1.181102e+00	-4.073488e-03	-7.920469e-02	-1.101622e-01
1.204724e+00	-7.853922e-03	-1.676055e-01	-4.909555e-03
1.228346e+00	-3.724428e-03	-7.699168e-02	1.493011e-01
1.251969e+00	2.185604e-03	2.696196e-02	1.120119e-01
1.275591e+00	7.135545e-03	8.853154e-02	1.617144e-01
1.299213e+00	1.457567e-02	2.884310e-01	-1.602277e-03
1.322835e+00	7.417517e-03	1.131892e-01	-2.174146e-01
1.346457e+00	1.160583e-03	5.318313e-02	-1.884603e-01
1.370079e+00	-1.082451e-02	-1.626700e-01	-3.398186e-01
1.393701e+00	-2.136992e-02	-4.124426e-01	1.976390e-02
1.417323e+00	-1.221259e-02	-1.758754e-01	2.162332e-01
1.440945e+00	-3.571449e-03	-6.961251e-02	2.852288e-01
1.464567e+00	9.488682e-03	2.009049e-01	2.172119e-01
1.488189e+00	1.086571e-02	1.624611e-01	1.163547e-02
1.511811e+00	1.008661e-02	1.374744e-01	-9.792849e-03
1.535433e+00	8.870066e-03	1.162281e-01	-4.352523e-02
1.559055e+00	7.707345e-03	1.545749e-01	-1.562215e-01
1.582677e+00	-3.473572e-03	-9.401120e-02	-2.324425e-01
1.606299e+00	-7.536132e-03	-1.276593e-01	-4.805094e-02
1.629921e+00	-9.687035e-03	-1.787017e-01	-2.597022e-02
1.653543e+00	-5.887970e-03	-1.126521e-01	1.866435e-01
1.677165e+00	2.916297e-03	5.992365e-02	1.550519e-01
1.700787e+00	9.535924e-03	1.935063e-01	9.248820e-02
1.724409e+00	7.871181e-03	1.657609e-01	-1.735035e-01
1.748031e+00	-1.665208e-03	-4.078029e-02	-1.595073e-01
1.771654e+00	-7.452813e-03	-1.294839e-01	-1.303774e-01
1.795276e+00	-9.872916e-03	-2.058359e-01	9.508196e-02
1.818898e+00	-1.053497e-04	4.043217e-02	1.570977e-01
1.842520e+00	3.051175e-03	7.388782e-02	2.978644e-02
1.866142e+00	3.397927e-03	8.510253e-02	-2.606129e-02
1.889764e+00	-2.747276e-04	8.745419e-03	-1.028369e-01
1.913386e+00	-4.700356e-03	-7.398340e-02	-7.342301e-02
1.937008e+00	-7.828495e-03	-1.526483e-01	-2.202018e-03
1.960630e+00	-4.089199e-03	-9.453397e-02	1.914256e-01
1.984252e+00	6.513204e-03	1.576059e-01	1.338994e-01
2.007874e+00	5.006229e-03	7.742702e-02	-6.963880e-02
2.031496e+00	2.726588e-03	1.509683e-02	2.639986e-02
2.055118e+00	4.286366e-03	7.627023e-02	-3.630883e-02
2.078740e+00	1.989108e-03	1.550537e-02	-2.656777e-02
2.102362e+00	2.381914e-03	6.934571e-02	-7.463121e-02
2.125984e+00	-3.399979e-03	-5.975034e-02	-1.255007e-01
2.149606e+00	-6.401363e-03	-1.059381e-01	-2.849113e-02
2.173228e+00	-6.045188e-03	-9.623305e-02	3.642438e-02
2.196850e+00	-3.315548e-03	-3.744101e-02	6.217597e-02
2.220472e+00	-1.927193e-03	-4.728513e-02	8.374027e-02
2.244094e+00	4.273263e-03	8.821251e-02	1.351009e-01
2.267717e+00	6.908672e-03	1.502735e-01	-4.779432e-02
2.291339e+00	1.411155e-03	2.935223e-02	-1.290058e-01
2.314961e+00	-5.598313e-03	-1.155875e-01	-1.187579e-01
2.338583e+00	-7.851085e-03	-1.797836e-01	8.674283e-02
2.362205e+00	-2.088815e-04	-6.498940e-03	1.681705e-01
2.385827e+00	5.240121e-03	6.060416e-02	1.396372e-01
2.409449e+00	1.231972e-02	2.077974e-01	1.156518e-01
2.433071e+00	1.385912e-02	2.679060e-01	-1.336737e-01
2.456693e+00	3.181357e-03	4.589763e-02	-2.744468e-01
2.480315e+00	-5.970586e-03	-8.314104e-02	-2.130358e-01
2.503937e+00	-1.566052e-02	-2.607203e-01	-2.040557e-01
2.527559e+00	-1.959145e-02	-3.790323e-01	1.479790e-01
2.551181e+00	-6.206405e-03	-7.907129e-02	3.055642e-01
2.574803e+00	4.067485e-03	5.120123e-02	2.807404e-01
2.598425e+00	1.589062e-02	2.933296e-01	1.783119e-01
2.622047e+00	1.500423e-02	2.263375e-01	-8.885023e-02
2.645669e+00	1.071483e-02	1.444700e-01	-9.356970e-02
2.669291e+00	6.751341e-03	1.014057e-01	-1.641011e-01
2.692913e+00	1.429554e-03	5.838208e-02	-2.172790e-01
2.716535e+00	-1.044176e-02	-1.715951e-01	-2.871915e-01
2.740157e+00	-1.628779e-02	-2.729775e-01	6.687974e-03
2.763780e+00	-1.164875e-02	-1.137971e-01	1.754307e-02
2.787402e+00	-1.441176e-02	-2.359442e-01	4.616318e-02
2.811024e+00	-9.243379e-03	-1.591111e-01	2.481449e-01
2.834646e+00	9.477365e-04	5.727945e-03	2.755566e-01
2.858268e+00	1.052707e-02	1.368753e-01	2.664928e-01
2.881890e+00	2.003680e-02	3.038401e-01	1.724091e-01
2.905512e+00	2.380675e-02	3.911007e-01	-5.408613e-02
2.929134e+00	1.577176e-02	2.507855e-01	-3.245266e-01
2.952756e+00	1.554103e-03	-7.863507e-03	-3.153686e-01
2.976378e+00	-7.818628e-03	-8.986960e-02	-3.253651e-01
3.000000e+00	-2.246429e-02	-4.208937e-01	-1.841502e-01
